tocs =

   1.0e+04 *

    0.0059    0.0144    0.0209    0.0310    0.0264    0.0023    0.2896    1.6305    0.0240    0.0673